transforms:
  T_0S:
    - [-1.0, 0.0, 0.0, 0.41]
    - [0.0, 1.0, 0.0, 0.0]
    - [0.0, 0.0, -1.0, 0.006]
    - [0.0, 0.0, 0.0, 1.0]
  # camera 32689769
  H1:
    - [-0.9521, 0.2895, -0.0985, 0.0455]
    - [-0.3032, -0.8516, 0.4276, -0.8019]
    - [0.0399, 0.4369, 0.8986, -1.3511]
    - [0.0000, 0.0000, 0.0000, 1.0000]
  #camera 34783283
  H2:
    - [0.4548, 0.8205, -0.3464, 0.5828]
    - [-0.8904, 0.4108, -0.1961, 0.5102]
    - [-0.0186, 0.3976, 0.9174, -1.4586]
    - [0.0000, 0.0000, 0.0000, 1.0000]
  # camera 38580376
  H3: 
    - [0.9966, -0.0812, 0.0159, -0.2049]
    - [0.0733, 0.7775, -0.6245, 1.6180]
    - [0.0383, 0.6236, 0.7808, -1.3967]
    - [0.0000, 0.0000, 0.0000, 1.0000]
