transforms:
  T_0S:
    - [-1.0, 0.0, 0.0, 0.41]
    - [0.0, 1.0, 0.0, 0.0]
    - [0.0, 0.0, -1.0, 0.006]
    - [0.0, 0.0, 0.0, 1.0]
    # camera 32689769
  H1:
    - [-0.9841, 0.1762, -0.0230, 0.0617]
    - [-0.1610, -0.8295, 0.5348, -0.6232]
    - [0.0751, 0.5300, 0.8446, -1.0162]
    - [0.0000, 0.0000, 0.0000, 1.0000]
    #camera 34783283
  H2:
    - [0.3344, 0.8052, -0.4898, 0.5651]
    - [-0.9421, 0.2719, -0.1962, 0.5309]
    - [-0.0248, 0.5270, 0.8495, -1.0247]
    - [0.0000, 0.0000, 0.0000, 1.0000]
    # camera 33137761
  H3:
    - [0.9456, 0.3091, -0.1019, 0.0808]
    - [-0.3191, 0.8192, -0.4765, 0.7194]
    - [-0.0637, 0.4830, 0.8733, -0.9786]
    - [0.0, 0.0, 0.0, 1.0]