transforms:
  T_0S:
    - [-1.0, 0.0, 0.0, 0.41]
    - [0.0, 1.0, 0.0, 0.0]
    - [0.0, 0.0, -1.0, 0.006]
    - [0.0, 0.0, 0.0, 1.0]
  # camera 32689769
  H1:
   - [-0.9828, 0.1659, -0.0811, 0.0120]
   - [-0.1792, -0.7517, 0.6347, -0.7576]
   - [0.0443, 0.6384, 0.7685, -1.0085]
   - [0.0000, 0.0000, 0.0000, 1.0000]
    
  #camera 34783283
  H2:
    - [0.8145, 0.3976, -0.4224, 0.6622]
    - [-0.5801, 0.5701, -0.5818, 0.6847]
    - [0.0095, 0.7190, 0.6950, -0.9247]
    - [0.0000, 0.0000, 0.0000, 1.0000]
  # camera 38580376
  H3: 
    - [0.9966, -0.0812, 0.0159, -0.2049]
    - [0.0733, 0.7775, -0.6245, 1.6180]
    - [0.0383, 0.6236, 0.7808, -1.3967]
    - [0.0000, 0.0000, 0.0000, 1.0000]

