transforms:
  T_0S:
    - [-1.0, 0.0, 0.0, 0.41]
    - [0.0, 1.0, 0.0, 0.0]
    - [0.0, 0.0, -1.0, 0.006]
    - [0.0, 0.0, 0.0, 1.0]
    # camera 32689769
  H1:
    - [-0.6547, -0.6601, 0.3684, -0.3622]
    - [0.7557, -0.5584, 0.3422, -0.5798]
    - [-0.0202, 0.5024, 0.8644, -0.9413]
    - [0.0000, 0.0000, 0.0000, 1.0000]
    #camera 38580376
  H2:
    - [0.1277, 0.6671, -0.7340, 0.6310]
    - [-0.9917, 0.0752, -0.1043, 0.5026]
    - [-0.0144, 0.7412, 0.6711, -0.8691]
    - [0.0, 0.0, 0.0, 1.0]
    # camera 33137761
  H3:
    - [0.9456, 0.3091, -0.1019, 0.0808]
    - [-0.3191, 0.8192, -0.4765, 0.7194]
    - [-0.0637, 0.4830, 0.8733, -0.9786]
    - [0.0, 0.0, 0.0, 1.0]