transforms:
  T_0S:
    - [-1.0, 0.0, 0.0, 0.358]
    - [0.0, 1.0, 0.0, 0.03]
    - [0.0, 0.0, -1.0, 0.006]
    - [0.0, 0.0, 0.0, 1.0]
  # camera 32689769
  H1:
    - [-0.9040, -0.2167, 0.3685, -0.2499]
    - [0.4242, -0.5618, 0.7102, -0.8275]
    - [0.0531, 0.7984, 0.5998, -0.9069]
    - [0.0000, 0.0000, 0.0000, 1.0000]
  
  #camera 34783283
  H2:
    - [0.5386, 0.5688, -0.6216, 0.5846]
    - [-0.8425, 0.3673, -0.3940, 0.6204]
    - [0.0042, 0.7359, 0.6771, -0.9081]
    - [0.0000, 0.0000, 0.0000, 1.0000]


  # camera 38580376
  H3: 
    - [0.9966, -0.0812, 0.0159, -0.2049]
    - [0.0733, 0.7775, -0.6245, 1.6180]
    - [0.0383, 0.6236, 0.7808, -1.3967]
    - [0.0000, 0.0000, 0.0000, 1.0000]

