transforms:
  T_0S:
    - [-1.0, 0.0, 0.0, 0.358]
    - [0.0, 1.0, 0.0, 0.03]
    - [0.0, 0.0, -1.0, 0.006]
    - [0.0, 0.0, 0.0, 1.0]
  # camera 38580376
  H1:
    - [0.9685, -0.0921, 0.2314, -0.1970]
    - [0.2255, 0.7188, -0.6577, 0.7337]
    - [-0.1058, 0.6891, 0.7169, -0.6779]
    - [0.0000, 0.0000, 0.0000, 1.0000]
  
  #camera 30635524
  H2:
    - [-0.8828, -0.3312, 0.3332, -0.2344]
    - [0.4692, -0.5876, 0.6592, -0.6456]
    - [-0.0226, 0.7383, 0.6741, -0.6926]
    - [0.0000, 0.0000, 0.0000, 1.0000]
  # camera 32689769
  H3: 
    - [0.9966, -0.0812, 0.0159, -0.2049]
    - [0.0733, 0.7775, -0.6245, 1.6180]
    - [0.0383, 0.6236, 0.7808, -1.3967]
    - [0.0000, 0.0000, 0.0000, 1.0000]

