transforms:
  T_0S:
    - [-1.0, 0.0, 0.0, 0.358]
    - [0.0, 1.0, 0.0, 0.03]
    - [0.0, 0.0, -1.0, 0.006]
    - [0.0, 0.0, 0.0, 1.0]
  # camera 32689769
  H1:
    - [-0.9692, -0.1092, 0.2208, -0.2364]
    - [0.2419, -0.5918, 0.7689, -0.7983]
    - [0.0467, 0.7986, 0.6000, -0.9012]
    - [0.0000, 0.0000, 0.0000, 1.0000]
  
  #camera 34783283
  H2:
    - [0.7098, 0.4708, -0.5240, 0.5757]
    - [-0.7044, 0.4805, -0.5224, 0.5998]
    - [0.0058, 0.7399, 0.6727, -0.9057]
    - [0.0000, 0.0000, 0.0000, 1.0000]


  # camera 38580376
  H3: 
    - [0.9966, -0.0812, 0.0159, -0.2049]
    - [0.0733, 0.7775, -0.6245, 1.6180]
    - [0.0383, 0.6236, 0.7808, -1.3967]
    - [0.0000, 0.0000, 0.0000, 1.0000]

