transforms:
  T_0S:
    - [-1.0, 0.0, 0.0, 0.41]
    - [0.0, 1.0, 0.0, 0.0]
    - [0.0, 0.0, -1.0, 0.006]
    - [0.0, 0.0, 0.0, 1.0]
  # camera 32689769
  H1:
    - [-0.9524, 0.2844, -0.1099, 0.0620]
    - [-0.3038, -0.8551, 0.4201, -0.7837]
    - [0.0255, 0.4335, 0.9008, -1.3451]
    - [0.0000, 0.0000, 0.0000, 1.0000]
  #camera 34783283
  H2:
    - [0.2760, 0.8068, -0.5224, 0.6181]
    - [-0.9611, 0.2395, -0.1379, 0.5159]
    - [0.0138, 0.5401, 0.8415, -1.4956]
    - [0.0000, 0.0000, 0.0000, 1.0000]
  # camera 38580376
  H3: 
    - [0.9966, -0.0812, 0.0159, -0.2049]
    - [0.0733, 0.7775, -0.6245, 1.6180]
    - [0.0383, 0.6236, 0.7808, -1.3967]
    - [0.0000, 0.0000, 0.0000, 1.0000]
